11.1
11.18
11.18
11.1
11.1
11.1
11.1
11.1
11.1
11.1
11.1
11.1
11.1
11.18
11.1
11.1
11.18
11.18
13.35
13.27
13.51
14.23
17.21
17.37
18.41
20.5
23.64
25.73
31.27
33.76
33.44
41.32
57.16
63.02
63.82
60.3
61.58
59.98
59.48
59.16
59.0
58.52
58.68
58.84
58.84
59.16
61.58
101.96
109.84
109.52
108.72
108.24
108.72
108.88
108.88
109.2
157.6
253.12
251.2
250.24
249.92
248.64
247.36
246.32
245.04
245.68
246.0
245.36
245.36
246.0
160.8
118.68
84.28
84.28
77.18
55.32
53.06
52.9
52.9
52.42
52.26
60.78
36.04
21.14
17.21
16.64
15.76
15.68
15.76
15.92
15.76
16.0
15.92
17.29
16.81
18.18
19.22
19.86
20.83
20.42
20.74
20.5
20.98
20.74
21.71
12.78
23.88
403.84
476.32
528.0
549.44
553.28
531.52
538.24
533.76
566.24
579.36
581.6
574.88
507.68
10.94
11.18
11.02
11.1
11.02
11.02
11.02
11.02
